	ECU004_M_plantag	ECU007_M_purpurea	ECU016_M_purpurea	ECU018_M_purpurea	ECU019_M_austera	ECU021_M_purpurea	ECU022_M_hebes	ECU026_M_austera	ECU030_M_fruticosa	ECU031_M_fruticosa	ECU034_M_austera	ECU035_M_californica	ECU041_M_squarro	ECU044_M_squarro	ECU046_M_squarro	ECU048_M_squarro	ECU049_M_californica	ECU050_M_californica	ECU056_M_fruticosa	ECU065_M_fruticosa	ECU069_M_plantag	ECU070_M_squarro	ECU072_M_californica	ECU076_Muricea_sp	ECU079_M_echinata	ECU080_M_echinata	ECU082_Muricea_sp	ECU083_M_echinata	ECU085_M_echinata	ECU089_Muricea_sp	ECU109_M_robusta	ECU111_M_californica	ECU116_M_crassa	ECU117_M_crassa	ECU118_M_crassa	ECU119_M_crassa	ECU124_M_hebes	MLP143_M_fruticosa	MLP144_M_fruticosa	MLP146_M_fruticosa	MLP147_M_fruticosa	MLP150_M_fruticosa	MLP154_M_fruticosa
ECU004_M_plantag	0	0.5622	0.559333333333333	0.699533333333333	0.519266666666666	0.589466666666666	0.808066666666666	0.554133333333333	0.6942	0.975133333333333	0.6406	0.4936	0.7462	0.815933333333333	0.846	0.800733333333333	0.593133333333333	0.736733333333333	0.730333333333333	0.607266666666666	0.660133333333333	0.8578	0.621866666666666	0.772666666666666	0.734	0.760133333333333	0.779333333333333	0.6076	0.7892	0.7736	0.949	0.631933333333333	0.787733333333333	0.6784	0.802533333333333	0.757733333333333	0.7942	0.793466666666666	0.788466666666666	0.733133333333333	0.734333333333333	0.7686	0.754866666666666
ECU007_M_purpurea	0.5622	0	0.248866666666666	0.404466666666666	0.4336	0.2562	0.6996	0.447266666666666	0.551133333333333	0.890133333333333	0.579866666666666	0.518933333333333	0.7678	0.783733333333333	0.859933333333333	0.794333333333333	0.6642	0.785066666666666	0.631933333333333	0.418266666666666	0.566533333333333	0.816933333333333	0.563666666666666	0.6628	0.6094	0.663733333333333	0.680066666666666	0.593466666666666	0.761066666666666	0.657333333333333	0.946933333333333	0.5392	0.7806	0.7246	0.778133333333333	0.716866666666666	0.598666666666666	0.635866666666666	0.635666666666666	0.5828	0.593866666666666	0.630933333333333	0.604066666666666
ECU016_M_purpurea	0.559333333333333	0.248866666666666	0	0.487666666666666	0.3176	0.267	0.663933333333333	0.420266666666666	0.5572	0.959133333333333	0.417733333333333	0.397266666666666	0.7448	0.781066666666666	0.857066666666666	0.83	0.5234	0.655666666666666	0.5998	0.402	0.4072	0.854066666666666	0.399733333333333	0.639933333333333	0.602733333333333	0.629333333333333	0.648666666666666	0.464666666666666	0.7608	0.6384	0.952266666666666	0.3818	0.729133333333333	0.7676	0.816933333333333	0.7036	0.634533333333333	0.638466666666666	0.6384	0.573	0.5794	0.617333333333333	0.604133333333333
ECU018_M_purpurea	0.699533333333333	0.404466666666666	0.487666666666666	0	0.4524	0.354066666666666	0.881466666666666	0.6746	0.7316	0.8492	0.603933333333333	0.655066666666666	0.747666666666666	0.764266666666666	0.856466666666666	0.791266666666666	0.7274	0.7722	0.815666666666666	0.582266666666666	0.733133333333333	0.813866666666666	0.724333333333333	0.8264	0.7276	0.833266666666666	0.851533333333333	0.717133333333333	0.8656	0.828133333333333	0.925	0.704466666666666	0.762	0.7764	0.767866666666666	0.6938	0.7396	0.8054	0.803133333333333	0.749666666666666	0.7702	0.802333333333333	0.7782
ECU019_M_austera	0.519266666666666	0.4336	0.3176	0.4524	0	0.3728	0.918466666666666	0.6196	0.796	0.938266666666666	0.312133333333333	0.534733333333333	0.7444	0.762	0.859466666666666	0.812	0.6262	0.633866666666666	0.852133333333333	0.611733333333333	0.627933333333333	0.834333333333333	0.626466666666666	0.893533333333333	0.860933333333333	0.885066666666666	0.903866666666666	0.616866666666666	0.912533333333333	0.894266666666666	0.945666666666666	0.607866666666666	0.711933333333333	0.712333333333333	0.794466666666666	0.684466666666666	0.8322	0.873666666666666	0.874466666666666	0.820266666666666	0.816533333333333	0.854933333333333	0.836466666666666
ECU021_M_purpurea	0.589466666666666	0.2562	0.267	0.354066666666666	0.3728	0	0.732266666666666	0.490533333333333	0.573933333333333	0.872333333333333	0.523933333333333	0.472133333333333	0.7162	0.728866666666666	0.839466666666666	0.779	0.62	0.7434	0.666466666666666	0.420933333333333	0.558333333333333	0.800133333333333	0.546133333333333	0.698933333333333	0.672333333333333	0.694266666666666	0.715666666666666	0.544333333333333	0.7432	0.695266666666666	0.913133333333333	0.5222	0.721133333333333	0.738	0.7564	0.653333333333333	0.589266666666666	0.657733333333333	0.657133333333333	0.6034	0.618666666666666	0.6572	0.624466666666666
ECU022_M_hebes	0.808066666666666	0.6996	0.663933333333333	0.881466666666666	0.918466666666666	0.732266666666666	0	0.357066666666666	0.625866666666666	0.9744	0.937066666666666	0.7624	0.9732	0.977466666666666	0.974266666666666	0.973866666666666	0.812466666666666	0.923533333333333	0.185733333333333	0.702666666666666	0.436933333333333	0.975533333333333	0.599533333333333	0.116	0.456533333333333	0.43	0.0970666666666666	0.747466666666666	0.783466666666666	0.113133333333333	0.958933333333333	0.636866666666666	0.981066666666666	0.964733333333333	0.972333333333333	0.981133333333333	0.5534	0.235933333333333	0.572866666666666	0.378733333333333	0.273066666666666	0.2722	0.496333333333333
ECU026_M_austera	0.554133333333333	0.447266666666666	0.420266666666666	0.6746	0.6196	0.490533333333333	0.357066666666666	0	0.503533333333333	0.947933333333333	0.6146	0.560733333333333	0.804666666666666	0.8662	0.8698	0.854	0.708466666666666	0.833066666666666	0.285466666666666	0.5486	0.334933333333333	0.8644	0.4934	0.318733333333333	0.382733333333333	0.376066666666666	0.332733333333333	0.634866666666666	0.7556	0.3128	0.910866666666666	0.498466666666666	0.856533333333333	0.724866666666666	0.814133333333333	0.8194	0.523733333333333	0.323866666666666	0.540533333333333	0.302533333333333	0.265733333333333	0.310666666666666	0.428733333333333
ECU030_M_fruticosa	0.6942	0.551133333333333	0.5572	0.7316	0.796	0.573933333333333	0.625866666666666	0.503533333333333	0	0.873466666666666	0.815933333333333	0.6362	0.496466666666666	0.494533333333333	0.538533333333333	0.495866666666666	0.733266666666666	0.853533333333333	0.538466666666666	0.5182	0.5642	0.493266666666666	0.5364	0.5858	0.555933333333333	0.587466666666666	0.599533333333333	0.6544	0.752933333333333	0.5784	0.589333333333333	0.522333333333333	0.5096	0.579733333333333	0.7874	0.6068	0.5274	0.447	0.205466666666666	0.420466666666666	0.4742	0.425866666666666	0.3112
ECU031_M_fruticosa	0.975133333333333	0.890133333333333	0.959133333333333	0.8492	0.938266666666666	0.872333333333333	0.9744	0.947933333333333	0.873466666666666	0	0.9422	0.956133333333333	0.906533333333333	0.721466666666666	0.888733333333333	0.7524	0.966333333333333	0.971466666666666	0.921866666666666	0.933	0.97	0.771266666666666	0.954333333333333	0.964333333333333	0.920466666666666	0.9666	0.981533333333333	0.964266666666666	0.958	0.944333333333333	0.915333333333333	0.943266666666666	0.726066666666666	0.7298	0.723666666666666	0.788933333333333	0.6506	0.894466666666666	0.872266666666666	0.873933333333333	0.916933333333333	0.923066666666666	0.889466666666666
ECU034_M_austera	0.6406	0.579866666666666	0.417733333333333	0.603933333333333	0.312133333333333	0.523933333333333	0.937066666666666	0.6146	0.815933333333333	0.9422	0	0.443933333333333	0.720933333333333	0.7676	0.8506	0.816333333333333	0.424866666666666	0.434933333333333	0.860266666666666	0.669266666666666	0.546733333333333	0.846733333333333	0.494266666666666	0.8996	0.871733333333333	0.889466666666666	0.914	0.4156	0.915	0.8996	0.925933333333333	0.4378	0.710666666666666	0.715266666666666	0.792266666666666	0.698466666666666	0.8924	0.901933333333333	0.9034	0.849	0.840133333333333	0.873266666666666	0.866
ECU035_M_californica	0.4936	0.518933333333333	0.397266666666666	0.655066666666666	0.534733333333333	0.472133333333333	0.7624	0.560733333333333	0.6362	0.956133333333333	0.443933333333333	0	0.7018	0.755066666666666	0.833666666666666	0.7886	0.323666666666666	0.430866666666666	0.679266666666666	0.467066666666666	0.344333333333333	0.845933333333333	0.264533333333333	0.710333333333333	0.6064	0.634	0.705133333333333	0.256933333333333	0.707	0.712266666666666	0.862133333333333	0.271066666666666	0.6594	0.732133333333333	0.783066666666666	0.648333333333333	0.731666666666666	0.7372	0.729133333333333	0.682866666666666	0.6814	0.7198	0.695266666666666
ECU041_M_squarro	0.7462	0.7678	0.7448	0.747666666666666	0.7444	0.7162	0.9732	0.804666666666666	0.496466666666666	0.906533333333333	0.720933333333333	0.7018	0	0.3846	0.272733333333333	0.383	0.7636	0.7826	0.8982	0.711866666666666	0.803266666666666	0.361133333333333	0.772466666666666	0.939866666666666	0.911266666666666	0.931266666666666	0.955133333333333	0.7584	0.9472	0.932866666666666	0.417066666666666	0.759	0.410533333333333	0.580733333333333	0.747933333333333	0.504866666666666	0.908866666666666	0.843866666666666	0.532133333333333	0.818266666666666	0.833	0.793333333333333	0.6692
ECU044_M_squarro	0.815933333333333	0.783733333333333	0.781066666666666	0.764266666666666	0.762	0.728866666666666	0.977466666666666	0.8662	0.494533333333333	0.721466666666666	0.7676	0.755066666666666	0.3846	0	0.424733333333333	0.131666666666666	0.778533333333333	0.776466666666666	0.928933333333333	0.7056	0.797333333333333	0.312733333333333	0.758	0.9586	0.939533333333333	0.9424	0.966733333333333	0.759333333333333	0.970133333333333	0.9396	0.6026	0.767466666666666	0.168533333333333	0.4352	0.519733333333333	0.384466666666666	0.816533333333333	0.813933333333333	0.532066666666666	0.799466666666666	0.859266666666666	0.782733333333333	0.650733333333333
ECU046_M_squarro	0.846	0.859933333333333	0.857066666666666	0.856466666666666	0.859466666666666	0.839466666666666	0.974266666666666	0.8698	0.538533333333333	0.888733333333333	0.8506	0.833666666666666	0.272733333333333	0.424733333333333	0	0.441066666666666	0.8524	0.845	0.9446	0.804933333333333	0.8738	0.223333333333333	0.825333333333333	0.965266666666666	0.9388	0.929666666666666	0.9734	0.8366	0.965666666666666	0.933333333333333	0.426666666666666	0.8384	0.442733333333333	0.639133333333333	0.714133333333333	0.5592	0.908533333333333	0.845066666666666	0.549133333333333	0.842733333333333	0.890533333333333	0.8156	0.675733333333333
ECU048_M_squarro	0.800733333333333	0.794333333333333	0.83	0.791266666666666	0.812	0.779	0.973866666666666	0.854	0.495866666666666	0.7524	0.816333333333333	0.7886	0.383	0.131666666666666	0.441066666666666	0	0.809466666666666	0.830933333333333	0.924133333333333	0.751133333333333	0.8498	0.338666666666666	0.8194	0.9512	0.928533333333333	0.936	0.958733333333333	0.807733333333333	0.968066666666666	0.934266666666666	0.577733333333333	0.817133333333333	0.241866666666666	0.428733333333333	0.525533333333333	0.457466666666666	0.807266666666666	0.805066666666666	0.514133333333333	0.793933333333333	0.8496	0.779933333333333	0.648333333333333
ECU049_M_californica	0.593133333333333	0.6642	0.5234	0.7274	0.6262	0.62	0.812466666666666	0.708466666666666	0.733266666666666	0.966333333333333	0.424866666666666	0.323666666666666	0.7636	0.778533333333333	0.8524	0.809466666666666	0	0.2088	0.762066666666666	0.604466666666666	0.392266666666666	0.8534	0.324333333333333	0.786933333333333	0.746866666666666	0.747066666666666	0.777733333333333	0.133	0.7756	0.771933333333333	0.9252	0.279733333333333	0.701866666666666	0.8204	0.833466666666666	0.7268	0.7916	0.793266666666666	0.790066666666666	0.756666666666666	0.764866666666666	0.7688	0.752266666666666
ECU050_M_californica	0.736733333333333	0.785066666666666	0.655666666666666	0.7722	0.633866666666666	0.7434	0.923533333333333	0.833066666666666	0.853533333333333	0.971466666666666	0.434933333333333	0.430866666666666	0.7826	0.776466666666666	0.845	0.830933333333333	0.2088	0	0.8822	0.568	0.5166	0.865466666666666	0.430933333333333	0.908466666666666	0.879066666666666	0.872533333333333	0.909266666666666	0.244133333333333	0.904866666666666	0.8868	0.947133333333333	0.417466666666666	0.689	0.8694	0.8552	0.614133333333333	0.91	0.906466666666666	0.912666666666666	0.892133333333333	0.8918	0.892133333333333	0.874533333333333
ECU056_M_fruticosa	0.730333333333333	0.631933333333333	0.5998	0.815666666666666	0.852133333333333	0.666466666666666	0.185733333333333	0.285466666666666	0.538466666666666	0.921866666666666	0.860266666666666	0.679266666666666	0.8982	0.928933333333333	0.9446	0.924133333333333	0.762066666666666	0.8822	0	0.622933333333333	0.385066666666666	0.929866666666666	0.549666666666666	0.153066666666666	0.3982	0.403	0.162333333333333	0.6874	0.76	0.1586	0.953066666666666	0.565133333333333	0.933066666666666	0.8832	0.891133333333333	0.917733333333333	0.506666666666666	0.223333333333333	0.548066666666666	0.318533333333333	0.2118	0.233333333333333	0.4642
ECU065_M_fruticosa	0.607266666666666	0.418266666666666	0.402	0.582266666666666	0.611733333333333	0.420933333333333	0.702666666666666	0.5486	0.5182	0.933	0.669266666666666	0.467066666666666	0.711866666666666	0.7056	0.804933333333333	0.751133333333333	0.604466666666666	0.568	0.622933333333333	0	0.513266666666666	0.791133333333333	0.470666666666666	0.661866666666666	0.632266666666666	0.655266666666666	0.676066666666666	0.507	0.758866666666666	0.6628	0.9218	0.482	0.679066666666666	0.778	0.795133333333333	0.42	0.6534	0.6232	0.6216	0.5854	0.586066666666666	0.6048	0.588266666666666
ECU069_M_plantag	0.660133333333333	0.566533333333333	0.4072	0.733133333333333	0.627933333333333	0.558333333333333	0.436933333333333	0.334933333333333	0.5642	0.97	0.546733333333333	0.344333333333333	0.803266666666666	0.797333333333333	0.8738	0.8498	0.392266666666666	0.5166	0.385066666666666	0.513266666666666	0	0.8744	0.1922	0.412533333333333	0.4062	0.387933333333333	0.417066666666666	0.334666666666666	0.7574	0.400066666666666	0.950533333333333	0.210333333333333	0.740666666666666	0.881466666666666	0.849133333333333	0.778933333333333	0.552933333333333	0.420133333333333	0.555866666666666	0.397466666666666	0.397066666666666	0.397	0.447933333333333
ECU070_M_squarro	0.8578	0.816933333333333	0.854066666666666	0.813866666666666	0.834333333333333	0.800133333333333	0.975533333333333	0.8644	0.493266666666666	0.771266666666666	0.846733333333333	0.845933333333333	0.361133333333333	0.312733333333333	0.223333333333333	0.338666666666666	0.8534	0.865466666666666	0.929866666666666	0.791133333333333	0.8744	0	0.846533333333333	0.9592	0.939666666666666	0.9384	0.967266666666666	0.850933333333333	0.967666666666666	0.937	0.4948	0.841733333333333	0.3418	0.525	0.5832	0.4746	0.8096	0.8016	0.460133333333333	0.791933333333333	0.859333333333333	0.78	0.637066666666666
ECU072_M_californica	0.621866666666666	0.563666666666666	0.399733333333333	0.724333333333333	0.626466666666666	0.546133333333333	0.599533333333333	0.4934	0.5364	0.954333333333333	0.494266666666666	0.264533333333333	0.772466666666666	0.758	0.825333333333333	0.8194	0.324333333333333	0.430933333333333	0.549666666666666	0.470666666666666	0.1922	0.846533333333333	0	0.575666666666666	0.515133333333333	0.506733333333333	0.561066666666666	0.212866666666666	0.713	0.551866666666666	0.8962	0.126333333333333	0.685466666666666	0.853866666666666	0.833266666666666	0.7298	0.566133333333333	0.574133333333333	0.573666666666666	0.553	0.553	0.558266666666666	0.537666666666666
ECU076_Muricea_sp	0.772666666666666	0.6628	0.639933333333333	0.8264	0.893533333333333	0.698933333333333	0.116	0.318733333333333	0.5858	0.964333333333333	0.8996	0.710333333333333	0.939866666666666	0.9586	0.965266666666666	0.9512	0.786933333333333	0.908466666666666	0.153066666666666	0.661866666666666	0.412533333333333	0.9592	0.575666666666666	0	0.3778	0.391666666666666	0.057	0.709933333333333	0.745933333333333	0.0592666666666666	0.9556	0.590666666666666	0.961266666666666	0.925133333333333	0.934266666666666	0.946933333333333	0.551666666666666	0.229066666666666	0.550266666666666	0.3508	0.2432	0.252866666666666	0.481
ECU079_M_echinata	0.734	0.6094	0.602733333333333	0.7276	0.860933333333333	0.672333333333333	0.456533333333333	0.382733333333333	0.555933333333333	0.920466666666666	0.871733333333333	0.6064	0.911266666666666	0.939533333333333	0.9388	0.928533333333333	0.746866666666666	0.879066666666666	0.3982	0.632266666666666	0.4062	0.939666666666666	0.515133333333333	0.3778	0	0.226866666666666	0.3776	0.656066666666666	0.6896	0.379066666666666	0.8648	0.539533333333333	0.940466666666666	0.8966	0.904866666666666	0.927666666666666	0.546	0.439866666666666	0.5552	0.3936	0.393266666666666	0.415	0.4618
ECU080_M_echinata	0.760133333333333	0.663733333333333	0.629333333333333	0.833266666666666	0.885066666666666	0.694266666666666	0.43	0.376066666666666	0.587466666666666	0.9666	0.889466666666666	0.634	0.931266666666666	0.9424	0.929666666666666	0.936	0.747066666666666	0.872533333333333	0.403	0.655266666666666	0.387933333333333	0.9384	0.506733333333333	0.391666666666666	0.226866666666666	0	0.376266666666666	0.661666666666666	0.691133333333333	0.367333333333333	0.857733333333333	0.557266666666666	0.935066666666666	0.9182	0.922533333333333	0.9346	0.548	0.4162	0.5674	0.4016	0.398	0.3964	0.463866666666666
ECU082_Muricea_sp	0.779333333333333	0.680066666666666	0.648666666666666	0.851533333333333	0.903866666666666	0.715666666666666	0.0970666666666666	0.332733333333333	0.599533333333333	0.981533333333333	0.914	0.705133333333333	0.955133333333333	0.966733333333333	0.9734	0.958733333333333	0.777733333333333	0.909266666666666	0.162333333333333	0.676066666666666	0.417066666666666	0.967266666666666	0.561066666666666	0.057	0.3776	0.376266666666666	0	0.696133333333333	0.7276	0.0714	0.941066666666666	0.583866666666666	0.970066666666666	0.9392	0.947733333333333	0.958	0.5652	0.236133333333333	0.557533333333333	0.364	0.256466666666666	0.258	0.4888
ECU083_M_echinata	0.6076	0.593466666666666	0.464666666666666	0.717133333333333	0.616866666666666	0.544333333333333	0.747466666666666	0.634866666666666	0.6544	0.964266666666666	0.4156	0.256933333333333	0.7584	0.759333333333333	0.8366	0.807733333333333	0.133	0.244133333333333	0.6874	0.507	0.334666666666666	0.850933333333333	0.212866666666666	0.709933333333333	0.656066666666666	0.661666666666666	0.696133333333333	0	0.718866666666666	0.703266666666666	0.9116	0.197466666666666	0.689266666666666	0.8382	0.8246	0.720933333333333	0.723	0.7252	0.721466666666666	0.6928	0.6922	0.703866666666666	0.686
ECU085_M_echinata	0.7892	0.761066666666666	0.7608	0.8656	0.912533333333333	0.7432	0.783466666666666	0.7556	0.752933333333333	0.958	0.915	0.707	0.9472	0.970133333333333	0.965666666666666	0.968066666666666	0.7756	0.904866666666666	0.76	0.758866666666666	0.7574	0.967666666666666	0.713	0.745933333333333	0.6896	0.691133333333333	0.7276	0.718866666666666	0	0.746666666666666	0.899933333333333	0.728133333333333	0.962733333333333	0.944666666666666	0.9448	0.9648	0.758466666666666	0.766866666666666	0.768933333333333	0.7604	0.759666666666666	0.753266666666666	0.757666666666666
ECU089_Muricea_sp	0.7736	0.657333333333333	0.6384	0.828133333333333	0.894266666666666	0.695266666666666	0.113133333333333	0.3128	0.5784	0.944333333333333	0.8996	0.712266666666666	0.932866666666666	0.9396	0.933333333333333	0.934266666666666	0.771933333333333	0.8868	0.1586	0.6628	0.400066666666666	0.937	0.551866666666666	0.0592666666666666	0.379066666666666	0.367333333333333	0.0714	0.703266666666666	0.746666666666666	0	0.9448	0.5836	0.933133333333333	0.917333333333333	0.9256	0.9372	0.531533333333333	0.218333333333333	0.555	0.3528	0.241933333333333	0.243533333333333	0.463466666666666
ECU109_M_robusta	0.949	0.946933333333333	0.952266666666666	0.925	0.945666666666666	0.913133333333333	0.958933333333333	0.910866666666666	0.589333333333333	0.915333333333333	0.925933333333333	0.862133333333333	0.417066666666666	0.6026	0.426666666666666	0.577733333333333	0.9252	0.947133333333333	0.953066666666666	0.9218	0.950533333333333	0.4948	0.8962	0.9556	0.8648	0.857733333333333	0.941066666666666	0.9116	0.899933333333333	0.9448	0	0.899133333333333	0.630333333333333	0.7178	0.919333333333333	0.731933333333333	0.867933333333333	0.816933333333333	0.526466666666666	0.802733333333333	0.863066666666666	0.805333333333333	0.666
ECU111_M_californica	0.631933333333333	0.5392	0.3818	0.704466666666666	0.607866666666666	0.5222	0.636866666666666	0.498466666666666	0.522333333333333	0.943266666666666	0.4378	0.271066666666666	0.759	0.767466666666666	0.8384	0.817133333333333	0.279733333333333	0.417466666666666	0.565133333333333	0.482	0.210333333333333	0.841733333333333	0.126333333333333	0.590666666666666	0.539533333333333	0.557266666666666	0.583866666666666	0.197466666666666	0.728133333333333	0.5836	0.899133333333333	0	0.710466666666666	0.835066666666666	0.807066666666666	0.738666666666666	0.594533333333333	0.600733333333333	0.601933333333333	0.558066666666666	0.559866666666666	0.5936	0.560533333333333
ECU116_M_crassa	0.787733333333333	0.7806	0.729133333333333	0.762	0.711933333333333	0.721133333333333	0.981066666666666	0.856533333333333	0.5096	0.726066666666666	0.710666666666666	0.6594	0.410533333333333	0.168533333333333	0.442733333333333	0.241866666666666	0.701866666666666	0.689	0.933066666666666	0.679066666666666	0.740666666666666	0.3418	0.685466666666666	0.961266666666666	0.940466666666666	0.935066666666666	0.970066666666666	0.689266666666666	0.962733333333333	0.933133333333333	0.630333333333333	0.710466666666666	0	0.387933333333333	0.508133333333333	0.3112	0.801666666666666	0.802066666666666	0.567466666666666	0.7976	0.857066666666666	0.7826	0.6556
ECU117_M_crassa	0.6784	0.7246	0.7676	0.7764	0.712333333333333	0.738	0.964733333333333	0.724866666666666	0.579733333333333	0.7298	0.715266666666666	0.732133333333333	0.580733333333333	0.4352	0.639133333333333	0.428733333333333	0.8204	0.8694	0.8832	0.778	0.881466666666666	0.525	0.853866666666666	0.925133333333333	0.8966	0.9182	0.9392	0.8382	0.944666666666666	0.917333333333333	0.7178	0.835066666666666	0.387933333333333	0	0.535	0.435066666666666	0.7614	0.783066666666666	0.671666666666666	0.721733333333333	0.804666666666666	0.763	0.660266666666666
ECU118_M_crassa	0.802533333333333	0.778133333333333	0.816933333333333	0.767866666666666	0.794466666666666	0.7564	0.972333333333333	0.814133333333333	0.7874	0.723666666666666	0.792266666666666	0.783066666666666	0.747933333333333	0.519733333333333	0.714133333333333	0.525533333333333	0.833466666666666	0.8552	0.891133333333333	0.795133333333333	0.849133333333333	0.5832	0.833266666666666	0.934266666666666	0.904866666666666	0.922533333333333	0.947733333333333	0.8246	0.9448	0.9256	0.919333333333333	0.807066666666666	0.508133333333333	0.535	0	0.624066666666666	0.7884	0.8814	0.851333333333333	0.8088	0.8406	0.891333333333333	0.852
ECU119_M_crassa	0.757733333333333	0.716866666666666	0.7036	0.6938	0.684466666666666	0.653333333333333	0.981133333333333	0.8194	0.6068	0.788933333333333	0.698466666666666	0.648333333333333	0.504866666666666	0.384466666666666	0.5592	0.457466666666666	0.7268	0.614133333333333	0.917733333333333	0.42	0.778933333333333	0.4746	0.7298	0.946933333333333	0.927666666666666	0.9346	0.958	0.720933333333333	0.9648	0.9372	0.731933333333333	0.738666666666666	0.3112	0.435066666666666	0.624066666666666	0	0.794666666666666	0.8002	0.679133333333333	0.765066666666666	0.840133333333333	0.777066666666666	0.665733333333333
ECU124_M_hebes	0.7942	0.598666666666666	0.634533333333333	0.7396	0.8322	0.589266666666666	0.5534	0.523733333333333	0.5274	0.6506	0.8924	0.731666666666666	0.908866666666666	0.816533333333333	0.908533333333333	0.807266666666666	0.7916	0.91	0.506666666666666	0.6534	0.552933333333333	0.8096	0.566133333333333	0.551666666666666	0.546	0.548	0.5652	0.723	0.758466666666666	0.531533333333333	0.867933333333333	0.594533333333333	0.801666666666666	0.7614	0.7884	0.794666666666666	0	0.4694	0.4698	0.4228	0.4956	0.508933333333333	0.468133333333333
MLP143_M_fruticosa	0.793466666666666	0.635866666666666	0.638466666666666	0.8054	0.873666666666666	0.657733333333333	0.235933333333333	0.323866666666666	0.447	0.894466666666666	0.901933333333333	0.7372	0.843866666666666	0.813933333333333	0.845066666666666	0.805066666666666	0.793266666666666	0.906466666666666	0.223333333333333	0.6232	0.420133333333333	0.8016	0.574133333333333	0.229066666666666	0.439866666666666	0.4162	0.236133333333333	0.7252	0.766866666666666	0.218333333333333	0.816933333333333	0.600733333333333	0.802066666666666	0.783066666666666	0.8814	0.8002	0.4694	0	0.3842	0.193	0.142933333333333	0.1144	0.297866666666666
MLP144_M_fruticosa	0.788466666666666	0.635666666666666	0.6384	0.803133333333333	0.874466666666666	0.657133333333333	0.572866666666666	0.540533333333333	0.205466666666666	0.872266666666666	0.9034	0.729133333333333	0.532133333333333	0.532066666666666	0.549133333333333	0.514133333333333	0.790066666666666	0.912666666666666	0.548066666666666	0.6216	0.555866666666666	0.460133333333333	0.573666666666666	0.550266666666666	0.5552	0.5674	0.557533333333333	0.721466666666666	0.768933333333333	0.555	0.526466666666666	0.601933333333333	0.567466666666666	0.671666666666666	0.851333333333333	0.679133333333333	0.4698	0.3842	0	0.387533333333333	0.452666666666666	0.376933333333333	0.273
MLP146_M_fruticosa	0.733133333333333	0.5828	0.573	0.749666666666666	0.820266666666666	0.6034	0.378733333333333	0.302533333333333	0.420466666666666	0.873933333333333	0.849	0.682866666666666	0.818266666666666	0.799466666666666	0.842733333333333	0.793933333333333	0.756666666666666	0.892133333333333	0.318533333333333	0.5854	0.397466666666666	0.791933333333333	0.553	0.3508	0.3936	0.4016	0.364	0.6928	0.7604	0.3528	0.802733333333333	0.558066666666666	0.7976	0.721733333333333	0.8088	0.765066666666666	0.4228	0.193	0.387533333333333	0	0.174	0.237666666666666	0.256466666666666
MLP147_M_fruticosa	0.734333333333333	0.593866666666666	0.5794	0.7702	0.816533333333333	0.618666666666666	0.273066666666666	0.265733333333333	0.4742	0.916933333333333	0.840133333333333	0.6814	0.833	0.859266666666666	0.890533333333333	0.8496	0.764866666666666	0.8918	0.2118	0.586066666666666	0.397066666666666	0.859333333333333	0.553	0.2432	0.393266666666666	0.398	0.256466666666666	0.6922	0.759666666666666	0.241933333333333	0.863066666666666	0.559866666666666	0.857066666666666	0.804666666666666	0.8406	0.840133333333333	0.4956	0.142933333333333	0.452666666666666	0.174	0	0.153	0.340266666666666
MLP150_M_fruticosa	0.7686	0.630933333333333	0.617333333333333	0.802333333333333	0.854933333333333	0.6572	0.2722	0.310666666666666	0.425866666666666	0.923066666666666	0.873266666666666	0.7198	0.793333333333333	0.782733333333333	0.8156	0.779933333333333	0.7688	0.892133333333333	0.233333333333333	0.6048	0.397	0.78	0.558266666666666	0.252866666666666	0.415	0.3964	0.258	0.703866666666666	0.753266666666666	0.243533333333333	0.805333333333333	0.5936	0.7826	0.763	0.891333333333333	0.777066666666666	0.508933333333333	0.1144	0.376933333333333	0.237666666666666	0.153	0	0.278
MLP154_M_fruticosa	0.754866666666666	0.604066666666666	0.604133333333333	0.7782	0.836466666666666	0.624466666666666	0.496333333333333	0.428733333333333	0.3112	0.889466666666666	0.866	0.695266666666666	0.6692	0.650733333333333	0.675733333333333	0.648333333333333	0.752266666666666	0.874533333333333	0.4642	0.588266666666666	0.447933333333333	0.637066666666666	0.537666666666666	0.481	0.4618	0.463866666666666	0.4888	0.686	0.757666666666666	0.463466666666666	0.666	0.560533333333333	0.6556	0.660266666666666	0.852	0.665733333333333	0.468133333333333	0.297866666666666	0.273	0.256466666666666	0.340266666666666	0.278	0
																																											
																																											
																																											
																																											
																																											
																																											
																																											
																																											
																																											
																																											
																																											
																																											
																																											
																																											
																																											
																																											
																																											
																																											
																																											
																																											
																																											
																																											
																																											
																																											
																																											
																																											
																																											
																																											
																																											
																																											
																																											
																																											
																																											
																																											
																																											
																																											
																																											
																																											
																																											
																																											
																																											
																																											
																																											
																																											
																																											
																																											
																																											
																																											
																																											
																																											
																																											
																																											
																																											
																																											
																																											
																																											
																																											
																																											
																																											
																																											
																																											
																																											
																																											
																																											
																																											
																																											
																																											
																																											
																																											
																																											
																																											
																																											
																																											
																																											
																																											
																																											
																																											
																																											
																																											
																																											
																																											
																																											
																																											
																																											
																																											
																																											
																																											
																																											
																																											
																																											
																																											
																																											
																																											
																																											
																																											
																																											
																																											
																																											
																																											
																																											
																																											
																																											
																																											
																																											
																																											
																																											
																																											
																																											
																																											
																																											
																																											
																																											
																																											
																																											
																																											
																																											
																																											
																																											
																																											
																																											
																																											
																																											
																																											
																																											
																																											
																																											
																																											
																																											
																																											
																																											
																																											
																																											
																																											
																																											
																																											
																																											
																																											
																																											
																																											
																																											
																																											
																																											
																																											
																																											
																																											
																																											
																																											
																																											
																																											
																																											
																																											
																																											
																																											
																																											
																																											
																																											
																																											
																																											
																																											
																																											
																																											
																																											
																																											
																																											
																																											
																																											
																																											
																																											
																																											
																																											
																																											
																																											
																																											
																																											
																																											
																																											
																																											
																																											
																																											
																																											
																																											
																																											
																																											
																																											
																																											
																																											
																																											
																																											
																																											
																																											
																																											
																																											
																																											
																																											
																																											
																																											
																																											
																																											
																																											
																																											
																																											
																																											
																																											
																																											
																																											
																																											
																																											
																																											
																																											
																																											
																																											
																																											
																																											
																																											
																																											
																																											
																																											
																																											
																																											
																																											
																																											
																																											
																																											
																																											
																																											
																																											
																																											
																																											
																																											
																																											
																																											
																																											
																																											
																																											
																																											
																																											
																																											
																																											
																																											
																																											
																																											
																																											
																																											
																																											
																																											
																																											
																																											
																																											
																																											
																																											
																																											
																																											
																																											
																																											
																																											
																																											
																																											
																																											
																																											
																																											
																																											
																																											
																																											
																																											
																																											
																																											
																																											
																																											
																																											
																																											
																																											
																																											
																																											
																																											
																																											
																																											
																																											
																																											
																																											
																																											
