	MLP143_M_fruticosa	MLP144_M_fruticosa	MLP146_M_fruticosa	MLP147_M_fruticosa	MLP150_M_fruticosa	MLP154_M_fruticosa	ECU004_M_plantag	ECU007_M_purpurea	ECU016_M_purpurea	ECU018_M_purpurea	ECU019_M_austera	ECU021_M_purpurea	ECU022_M_hebes	ECU026_M_austera	ECU030_M_fruticosa	ECU031_M_fruticosa	ECU034_M_austera	ECU035_M_californica	ECU041_M_squarro	ECU044_M_squarro	ECU046_M_squarro	ECU048_M_squarro	ECU049_M_californica	ECU050_M_californica	ECU056_M_fruticosa	ECU065_M_fruticosa	ECU069_M_plantag	ECU070_M_squarro	ECU072_M_californica	ECU076_Muricea_sp	ECU079_M_echinata	ECU080_M_echinata	ECU082_Muricea_sp	ECU083_M_echinata	ECU085_M_echinata	ECU089_Muricea_sp	ECU109_M_robusta	ECU111_M_californica	ECU116_M_crassa	ECU117_M_crassa	ECU118_M_crassa	ECU119_M_crassa	ECU124_M_hebes
MLP143_M_fruticosa	0	0.012414503888316	0.012414503888316	0.01100908835379	0.0096505200037478	0.011805490490021	0.12606577344702	0.099175489553078	0.10212686217558	0.10006558605828	0.10086198819451	0.10170523751523	0.077016771292045	0.093881757706362	0.04281832661857	0.055513913613792	0.09786376838752	0.13276492082826	0.077485243136887	0.074487023329898	0.079124894593835	0.078000562166214	0.13543521034386	0.13046940878853	0.057434648177645	0.084090696149161	0.12897029888504	0.078984353040382	0.13192167150754	0.10948187013961	0.12330178956245	0.12648739810737	0.13506043286798	0.13417033636278	0.129063993254	0.13388925325588	0.071910428183266	0.13093788063337	0.07973390799213	0.078328492457603	0.078000562166214	0.076220369155814	0.079078047409351
MLP144_M_fruticosa	0.012414503888316	0	0.013866766607327	0.010165839033074	0.011946032043474	0.012133420781411	0.13150004684718	0.10114307130142	0.10442237421531	0.10151784877729	0.10198632062213	0.10446922139979	0.078750117117961	0.094256535182236	0.042724632249602	0.056544551672445	0.096411505668509	0.1367937786939	0.078141103719666	0.075892438864424	0.079265436147288	0.078422186826572	0.13754333364565	0.13421718354727	0.058465286236297	0.085496111683688	0.13402979480933	0.079780755176614	0.13510728005247	0.11173053499485	0.12719010587464	0.12920453480746	0.13951091539398	0.13876136044224	0.13304600393516	0.13824604141291	0.07406539866954	0.13435772510072	0.079078047409351	0.078281645273119	0.077110465661014	0.076407757893751	0.08151410100253
MLP146_M_fruticosa	0.012414503888316	0.013866766607327	0	0.010493769324464	0.011383865829664	0.015553265248759	0.12517567694182	0.098707017708236	0.10161154314626	0.097723226834067	0.097723226834067	0.10165839033074	0.075892438864424	0.092054717511478	0.043099409725475	0.05649770448796	0.095006090133983	0.13098472781786	0.075330272650614	0.072613135950529	0.075939286048908	0.075049189543708	0.13313969830413	0.12761173053499	0.056872481963834	0.082778974983603	0.129063993254	0.078328492457603	0.12929822917643	0.10629626159468	0.12025672257097	0.1222711515038	0.13257753209032	0.13253068490584	0.1278928136419	0.13351447578001	0.069240138667666	0.12859552140916	0.078000562166214	0.076876229738593	0.076454605078235	0.075892438864424	0.075798744495456
MLP147_M_fruticosa	0.01100908835379	0.010165839033074	0.010493769324464	0	0.011805490490021	0.012320809519348	0.12704956432118	0.095943033823667	0.10067459945657	0.096833130328867	0.097957462756488	0.10015928042725	0.074018551485056	0.09041506605453	0.041647147006465	0.056919329148318	0.093928604890846	0.13346762859552	0.076360910709266	0.074861800805772	0.077438395952403	0.077766326243793	0.13328023985758	0.13000093694369	0.056919329148318	0.08385646022674	0.12887660451607	0.07762578469034	0.13126581092476	0.10817014897405	0.12236484587276	0.12419188606765	0.13379555888691	0.13388925325588	0.12681532839876	0.13332708704207	0.07284737187295	0.12943877072988	0.077672631874824	0.077110465661014	0.07495549517474	0.077157312845498	0.07706361847653
MLP150_M_fruticosa	0.0096505200037478	0.011946032043474	0.011383865829664	0.011805490490021	0	0.010728005246885	0.12681532839876	0.096505200037478	0.10062775227209	0.097723226834067	0.098941253630657	0.099316031106531	0.075002342359224	0.08985289984072	0.042912020987539	0.054530122739623	0.09341328586152	0.13309285111965	0.076314063524782	0.072659983135014	0.077204160029982	0.075986133233393	0.13524782160592	0.13093788063337	0.056029232643118	0.083669071488803	0.13112526937131	0.077813173428277	0.13178112995409	0.10690527499297	0.12456666354352	0.12625316218495	0.13342078141104	0.13459196102314	0.12704956432118	0.13220275461445	0.070083387988382	0.13028202005059	0.077344701583435	0.075611355757519	0.074861800805772	0.075142883912677	0.076923076923077
MLP154_M_fruticosa	0.011805490490021	0.012133420781411	0.015553265248759	0.012320809519348	0.010728005246885	0	0.129063993254	0.098847559261688	0.10315750023424	0.1014710015928	0.1011899184859	0.10156469596177	0.075939286048908	0.093460133046004	0.043286798463412	0.05504544176895	0.095427714794341	0.13538836315937	0.076454605078235	0.074346481776445	0.076876229738593	0.076829382554108	0.13674693150942	0.13243699053687	0.058090508760424	0.085168181392298	0.13220275461445	0.078047409350698	0.13426403073175	0.11102782722758	0.12761173053499	0.13023517286611	0.13955776257847	0.13637215403354	0.13220275461445	0.13702801461632	0.070832942940129	0.13103157500234	0.079078047409351	0.075986133233393	0.075423967019582	0.075798744495456	0.077016771292045
ECU004_M_plantag	0.12606577344702	0.13150004684718	0.12517567694182	0.12704956432118	0.12681532839876	0.129063993254	0	0.11294856179144	0.11800805771573	0.11927293169681	0.11749273868641	0.11889815422093	0.10072144664106	0.11084043848965	0.12377026140729	0.11688372528811	0.11318279771386	0.02169024641619	0.13014147849714	0.12288016490209	0.12676848121428	0.12953246509885	0.023189356319685	0.023189356319685	0.11571254567601	0.066710390705519	0.025110090883538	0.12259908179518	0.024454230300759	0.085496111683688	0.098519628970299	0.10100252974796	0.10624941441019	0.021830787969643	0.099925044504825	0.10493769324464	0.11955401480371	0.025438021174927	0.12517567694182	0.12428558043662	0.1252225241263	0.12756488335051	0.095708797901246
ECU007_M_purpurea	0.099175489553078	0.10114307130142	0.098707017708236	0.095943033823667	0.096505200037478	0.098847559261688	0.11294856179144	0	0.021034385833411	0.018036166026422	0.019207345638527	0.021971329523096	0.06839688934695	0.034854305256254	0.090087135763141	0.079452824885224	0.034901152440738	0.12039726412443	0.097816921203036	0.094069146444299	0.09608357537712	0.096177269746088	0.12475405228146	0.11702426684156	0.085215028576782	0.10887285674131	0.11599362878291	0.096458352852994	0.12035041693994	0.10156469596177	0.11308910334489	0.11472875480184	0.12540991286424	0.12025672257097	0.11908554295887	0.12288016490209	0.087135763140635	0.11585308722946	0.09697367188232	0.094818701396046	0.094490771104657	0.095802492270215	0.071348261969456
ECU016_M_purpurea	0.10212686217558	0.10442237421531	0.10161154314626	0.10067459945657	0.10062775227209	0.10315750023424	0.11800805771573	0.021034385833411	0	0.023610980980043	0.022861426028296	0.024829007776633	0.069240138667666	0.035931790499391	0.094115993628783	0.083762765857772	0.036072332052844	0.12714325869015	0.10250163965146	0.097723226834067	0.09997189168931	0.10128361285487	0.13070364471095	0.12320809519348	0.089197039257941	0.11173053499485	0.12540991286424	0.1005809050876	0.12578469034011	0.10390705518598	0.11571254567601	0.11992879227958	0.12868921577813	0.12653424529186	0.12213060995034	0.12615946781598	0.091679940035604	0.12311440082451	0.10184577906868	0.099175489553078	0.099737655766888	0.099690808582404	0.072659983135014
ECU018_M_purpurea	0.10006558605828	0.10151784877729	0.097723226834067	0.096833130328867	0.097723226834067	0.1014710015928	0.11927293169681	0.018036166026422	0.023610980980043	0	0.018176707579874	0.020706455542022	0.071676192260845	0.034573222149349	0.091726787220088	0.083715918673288	0.036212873606296	0.12882975733158	0.10095568256348	0.098425934601331	0.099550267028952	0.099737655766888	0.13248383772135	0.12400449732971	0.089150192073456	0.11027827227584	0.12405134451419	0.1014710015928	0.12803335519535	0.10723320528436	0.11664948936569	0.123161248009	0.13159374121615	0.12897029888504	0.12583153752459	0.12943877072988	0.091679940035604	0.12400449732971	0.099925044504825	0.098379087416846	0.098332240232362	0.098707017708236	0.075049189543708
ECU019_M_austera	0.10086198819451	0.10198632062213	0.097723226834067	0.097957462756488	0.098941253630657	0.1011899184859	0.11749273868641	0.019207345638527	0.022861426028296	0.018176707579874	0	0.021502857678253	0.070458165464256	0.036493956713201	0.088681720228614	0.081092476342172	0.037665136325307	0.12770542490396	0.1011899184859	0.097020519066804	0.097395296542678	0.098800712077204	0.13037571441956	0.12203691558137	0.087510540616509	0.11004403635342	0.12156844373653	0.099597114213436	0.12836128548674	0.10587463693432	0.11664948936569	0.1207720416003	0.13032886723508	0.12742434179706	0.12231799868828	0.12587838470908	0.088588025859646	0.12147474936756	0.10100252974796	0.098800712077204	0.098425934601331	0.10048721071864	0.074580717698866
ECU021_M_purpurea	0.10170523751523	0.10446922139979	0.10165839033074	0.10015928042725	0.099316031106531	0.10156469596177	0.11889815422093	0.021971329523096	0.024829007776633	0.020706455542022	0.021502857678253	0	0.072191511290171	0.03714981729598	0.092851119647709	0.084606015178488	0.037337206033917	0.12625316218495	0.10212686217558	0.097114213435773	0.09875386489272	0.1002998219807	0.13154689403167	0.1222711515038	0.090274524501077	0.11219900683969	0.12208376276586	0.099878197320341	0.12526937131078	0.10517192916706	0.11519722664668	0.11974140354165	0.12864236859365	0.12695586995222	0.12156844373653	0.12676848121428	0.090227677316593	0.12353602548487	0.099362878291015	0.09875386489272	0.099550267028952	0.098332240232362	0.075986133233393
ECU022_M_hebes	0.077016771292045	0.078750117117961	0.075892438864424	0.074018551485056	0.075002342359224	0.075939286048908	0.10072144664106	0.06839688934695	0.069240138667666	0.071676192260845	0.070458165464256	0.072191511290171	0	0.062634685655392	0.068631125269371	0.06572659983135	0.065867141384803	0.10320434741872	0.076407757893751	0.073503232455729	0.074159093038508	0.07406539866954	0.10728005246885	0.10095568256348	0.067319404103813	0.086245666635435	0.10161154314626	0.074861800805772	0.10545301227396	0.084559167994004	0.092897966832193	0.09519347887192	0.10521877635154	0.10638995596365	0.097582685280615	0.10390705518598	0.068584278084887	0.10128361285487	0.074112245854024	0.074112245854024	0.073550079640214	0.075330272650614	0.015506418064274
ECU026_M_austera	0.093881757706362	0.094256535182236	0.092054717511478	0.09041506605453	0.08985289984072	0.093460133046004	0.11084043848965	0.034854305256254	0.035931790499391	0.034573222149349	0.036493956713201	0.03714981729598	0.062634685655392	0	0.082638433430151	0.076360910709266	0.018785720978169	0.11922608451232	0.091539398482151	0.087229457509604	0.090227677316593	0.090602454792467	0.1234423311159	0.11449451887942	0.081139323526656	0.10081514101003	0.11683687810363	0.09130516255973	0.11894500140542	0.097020519066804	0.10915393984822	0.11201161810175	0.12152159655205	0.11786751616228	0.11430713014148	0.1172116555795	0.081467253818045	0.11566569849152	0.089665511102783	0.090883537899372	0.088962803335519	0.088166401199288	0.066569849152066
ECU030_M_fruticosa	0.04281832661857	0.042724632249602	0.043099409725475	0.041647147006465	0.042912020987539	0.043286798463412	0.12377026140729	0.090087135763141	0.094115993628783	0.091726787220088	0.088681720228614	0.092851119647709	0.068631125269371	0.082638433430151	0	0.048018364096318	0.085027639838846	0.13060995034198	0.070786095755645	0.068959055560761	0.070083387988382	0.072238358474656	0.13173428276961	0.12948561791436	0.049189543708423	0.067178862550361	0.12751803616603	0.071535650707392	0.12897029888504	0.099831350135857	0.11941347325026	0.11936662606577	0.13112526937131	0.13121896374028	0.12208376276586	0.12873606296262	0.06305631031575	0.12925138199194	0.073550079640214	0.071348261969456	0.072050969736719	0.070926637309098	0.069052749929729
ECU031_M_fruticosa	0.055513913613792	0.056544551672445	0.05649770448796	0.056919329148318	0.054530122739623	0.05504544176895	0.11688372528811	0.079452824885224	0.083762765857772	0.083715918673288	0.081092476342172	0.084606015178488	0.06572659983135	0.076360910709266	0.048018364096318	0	0.079124894593835	0.12119366626066	0.060948187013961	0.061697741965708	0.062119366626066	0.060245479246697	0.1225522346107	0.11950716761923	0.013023517286611	0.082778974983603	0.11931977888129	0.062072519441582	0.1213810549986	0.093132202754614	0.11051250819826	0.11271432586902	0.12124051344514	0.12302070645554	0.11744589150192	0.12105312470721	0.055841843905181	0.11950716761923	0.062775227208845	0.062259908179518	0.061182422936382	0.062681532839876	0.06394640682095
ECU034_M_austera	0.09786376838752	0.096411505668509	0.095006090133983	0.093928604890846	0.09341328586152	0.095427714794341	0.11318279771386	0.034901152440738	0.036072332052844	0.036212873606296	0.037665136325307	0.037337206033917	0.065867141384803	0.018785720978169	0.085027639838846	0.079124894593835	0	0.12269277616415	0.095380867609857	0.092007870326993	0.095474561978825	0.095380867609857	0.12498828820388	0.11824229363815	0.083809613042256	0.10381336081702	0.1189918485899	0.095099784502951	0.12091258315375	0.097254754989225	0.10695212217746	0.11257378431556	0.1207720416003	0.12245854024173	0.11248008994659	0.11655579499672	0.084933945469877	0.11791436334676	0.093881757706362	0.093600674599457	0.092663730909772	0.09252318935632	0.068631125269371
ECU035_M_californica	0.13276492082826	0.1367937786939	0.13098472781786	0.13346762859552	0.13309285111965	0.13538836315937	0.02169024641619	0.12039726412443	0.12714325869015	0.12882975733158	0.12770542490396	0.12625316218495	0.10320434741872	0.11922608451232	0.13060995034198	0.12119366626066	0.12269277616415	0	0.13299915675068	0.12681532839876	0.13192167150754	0.13360817014897	0.019113651269559	0.021315468940317	0.12189637402792	0.069895999250445	0.024454230300759	0.12836128548674	0.025953340204254	0.092242106249414	0.10104937693245	0.1050313876136	0.11149629907243	0.019254192823011	0.10292326431182	0.10999718916893	0.12320809519348	0.024969549330085	0.13168743558512	0.13192167150754	0.12971985383678	0.13562259908179	0.1002998219807
ECU041_M_squarro	0.077485243136887	0.078141103719666	0.075330272650614	0.076360910709266	0.076314063524782	0.076454605078235	0.13014147849714	0.097816921203036	0.10250163965146	0.10095568256348	0.1011899184859	0.10212686217558	0.076407757893751	0.091539398482151	0.070786095755645	0.060948187013961	0.095380867609857	0.13299915675068	0	0.022205565445517	0.02290827321278	0.023095661950717	0.13571629345076	0.12953246509885	0.060901339829476	0.102361098098	0.13459196102314	0.023657828164527	0.13262437927481	0.10756113557575	0.1261126206315	0.1296730066523	0.14011992879228	0.13543521034386	0.13496673849902	0.13988569286986	0.042349854773728	0.13388925325588	0.037056122927012	0.037102970111496	0.034432680595896	0.037899372247728	0.078047409350698
ECU044_M_squarro	0.074487023329898	0.075892438864424	0.072613135950529	0.074861800805772	0.072659983135014	0.074346481776445	0.12288016490209	0.094069146444299	0.097723226834067	0.098425934601331	0.097020519066804	0.097114213435773	0.073503232455729	0.087229457509604	0.068959055560761	0.061697741965708	0.092007870326993	0.12681532839876	0.022205565445517	0	0.022814578843811	0.01991005340579	0.12761173053499	0.1234423311159	0.060995034198445	0.095708797901246	0.12564414878666	0.019535275929917	0.12606577344702	0.099175489553078	0.12133420781411	0.12273962334864	0.13370186451794	0.12948561791436	0.12644055092289	0.13374871170243	0.042724632249602	0.12653424529186	0.034947999625222	0.036025484868359	0.033402042537243	0.034620069333833	0.073596926824698
ECU046_M_squarro	0.079124894593835	0.079265436147288	0.075939286048908	0.077438395952403	0.077204160029982	0.076876229738593	0.12676848121428	0.09608357537712	0.09997189168931	0.099550267028952	0.097395296542678	0.09875386489272	0.074159093038508	0.090227677316593	0.070083387988382	0.062119366626066	0.095474561978825	0.13192167150754	0.02290827321278	0.022814578843811	0	0.020659608357538	0.13201536587651	0.12892345170055	0.061463506043287	0.098613323339267	0.13187482432306	0.024032605640401	0.13028202005059	0.10554670664293	0.12526937131078	0.12667478684531	0.13716855616977	0.13449826665417	0.13079733907992	0.13712170898529	0.043802117492739	0.13126581092476	0.038555232830507	0.039070551859833	0.037993066616696	0.038648927199475	0.076501452262719
ECU048_M_squarro	0.078000562166214	0.078422186826572	0.075049189543708	0.077766326243793	0.075986133233393	0.076829382554108	0.12953246509885	0.096177269746088	0.10128361285487	0.099737655766888	0.098800712077204	0.1002998219807	0.07406539866954	0.090602454792467	0.072238358474656	0.060245479246697	0.095380867609857	0.13360817014897	0.023095661950717	0.01991005340579	0.020659608357538	0	0.13393610044036	0.12873606296262	0.059027452450108	0.10011243324276	0.12986039539024	0.023564133795559	0.13150004684718	0.10489084606015	0.12648739810737	0.12630000936944	0.13838658296636	0.13473250257659	0.13182797713857	0.1385739717043	0.042068771666823	0.13117211655579	0.038414691277054	0.039211093413286	0.035557013023517	0.037618289140823	0.077344701583435
ECU049_M_californica	0.13543521034386	0.13754333364565	0.13313969830413	0.13328023985758	0.13524782160592	0.13674693150942	0.023189356319685	0.12475405228146	0.13070364471095	0.13248383772135	0.13037571441956	0.13154689403167	0.10728005246885	0.1234423311159	0.13173428276961	0.1225522346107	0.12498828820388	0.019113651269559	0.13571629345076	0.12761173053499	0.13201536587651	0.13393610044036	0	0.022158718261032	0.12222430431931	0.07139510915394	0.027827227583622	0.12864236859365	0.026000187388738	0.093694368968425	0.10123676567038	0.10756113557575	0.11280802023798	0.020378525250632	0.10601517848777	0.11182422936382	0.12601892626253	0.025625409912864	0.13299915675068	0.13229644898342	0.12957931228333	0.13356132296449	0.10357912489459
ECU050_M_californica	0.13046940878853	0.13421718354727	0.12761173053499	0.13000093694369	0.13093788063337	0.13243699053687	0.023189356319685	0.11702426684156	0.12320809519348	0.12400449732971	0.12203691558137	0.1222711515038	0.10095568256348	0.11449451887942	0.12948561791436	0.11950716761923	0.11824229363815	0.021315468940317	0.12953246509885	0.1234423311159	0.12892345170055	0.12873606296262	0.022158718261032	0	0.11725850276398	0.069708610512508	0.024735313407664	0.12330178956245	0.026140728942191	0.088681720228614	0.1005809050876	0.10409444392392	0.10952871732409	0.022065023892064	0.10357912489459	0.10990349479996	0.11950716761923	0.025063243699054	0.12915768762297	0.12897029888504	0.12494144101939	0.12971985383678	0.099034947999625
ECU056_M_fruticosa	0.057434648177645	0.058465286236297	0.056872481963834	0.056919329148318	0.056029232643118	0.058090508760424	0.11571254567601	0.085215028576782	0.089197039257941	0.089150192073456	0.087510540616509	0.090274524501077	0.067319404103813	0.081139323526656	0.049189543708423	0.013023517286611	0.083809613042256	0.12189637402792	0.060901339829476	0.060995034198445	0.061463506043287	0.059027452450108	0.12222430431931	0.11725850276398	0	0.082310503138761	0.11931977888129	0.061791436334676	0.12025672257097	0.096270964115057	0.11144945188794	0.11444767169493	0.1234423311159	0.12217745713483	0.11950716761923	0.12362971985384	0.056966176332802	0.11903869577438	0.063384240607139	0.063431087791624	0.061650894781224	0.062447296917455	0.067413098472782
ECU065_M_fruticosa	0.084090696149161	0.085496111683688	0.082778974983603	0.08385646022674	0.083669071488803	0.085168181392298	0.066710390705519	0.10887285674131	0.11173053499485	0.11027827227584	0.11004403635342	0.11219900683969	0.086245666635435	0.10081514101003	0.067178862550361	0.082778974983603	0.10381336081702	0.069895999250445	0.102361098098	0.095708797901246	0.098613323339267	0.10011243324276	0.07139510915394	0.069708610512508	0.082310503138761	0	0.073831162747119	0.098425934601331	0.072238358474656	0.095380867609857	0.11402604703457	0.11618101752085	0.12470720509697	0.073831162747119	0.11768012742434	0.12250538742622	0.092288953433899	0.073128454979856	0.099175489553078	0.098566476154783	0.096177269746088	0.10133046003935	0.085496111683688
ECU069_M_plantag	0.12897029888504	0.13402979480933	0.129063993254	0.12887660451607	0.13112526937131	0.13220275461445	0.025110090883538	0.11599362878291	0.12540991286424	0.12405134451419	0.12156844373653	0.12208376276586	0.10161154314626	0.11683687810363	0.12751803616603	0.11931977888129	0.1189918485899	0.024454230300759	0.13459196102314	0.12564414878666	0.13187482432306	0.12986039539024	0.027827227583622	0.024735313407664	0.11931977888129	0.073831162747119	0	0.12662793966083	0.018364096317811	0.088728567413098	0.098707017708236	0.10348543052563	0.10887285674131	0.026421812049096	0.10367281926356	0.10962241169306	0.12400449732971	0.017473999812611	0.1287829101471	0.13107842218683	0.12630000936944	0.13332708704207	0.099690808582404
ECU070_M_squarro	0.078984353040382	0.079780755176614	0.078328492457603	0.07762578469034	0.077813173428277	0.078047409350698	0.12259908179518	0.096458352852994	0.1005809050876	0.1014710015928	0.099597114213436	0.099878197320341	0.074861800805772	0.09130516255973	0.071535650707392	0.062072519441582	0.095099784502951	0.12836128548674	0.023657828164527	0.019535275929917	0.024032605640401	0.023564133795559	0.12864236859365	0.12330178956245	0.061791436334676	0.098425934601331	0.12662793966083	0	0.1261126206315	0.10400074955495	0.12250538742622	0.12601892626253	0.13627845966457	0.13093788063337	0.13018832568163	0.13735594490771	0.044645366813454	0.12686217558325	0.035791248945938	0.037337206033917	0.035041693994191	0.035463318654549	0.07495549517474
ECU072_M_californica	0.13192167150754	0.13510728005247	0.12929822917643	0.13126581092476	0.13178112995409	0.13426403073175	0.024454230300759	0.12035041693994	0.12578469034011	0.12803335519535	0.12836128548674	0.12526937131078	0.10545301227396	0.11894500140542	0.12897029888504	0.1213810549986	0.12091258315375	0.025953340204254	0.13262437927481	0.12606577344702	0.13028202005059	0.13150004684718	0.026000187388738	0.026140728942191	0.12025672257097	0.072238358474656	0.018364096317811	0.1261126206315	0	0.091586245666635	0.10193947343765	0.10629626159468	0.11229270120866	0.026281270495643	0.10596833130329	0.11140260470346	0.12362971985384	0.017989318841938	0.13023517286611	0.13182797713857	0.12864236859365	0.13426403073175	0.10170523751523
ECU076_Muricea_sp	0.10948187013961	0.11173053499485	0.10629626159468	0.10817014897405	0.10690527499297	0.11102782722758	0.085496111683688	0.10156469596177	0.10390705518598	0.10723320528436	0.10587463693432	0.10517192916706	0.084559167994004	0.097020519066804	0.099831350135857	0.093132202754614	0.097254754989225	0.092242106249414	0.10756113557575	0.099175489553078	0.10554670664293	0.10489084606015	0.093694368968425	0.088681720228614	0.096270964115057	0.095380867609857	0.088728567413098	0.10400074955495	0.091586245666635	0	0.015319029326338	0.02080014991099	0.016162278647053	0.088166401199288	0.021081233017896	0.012367656703832	0.092616883725288	0.085402417314719	0.10081514101003	0.09997189168931	0.10095568256348	0.10315750023424	0.080061838283519
ECU079_M_echinata	0.12330178956245	0.12719010587464	0.12025672257097	0.12236484587276	0.12456666354352	0.12761173053499	0.098519628970299	0.11308910334489	0.11571254567601	0.11664948936569	0.11664948936569	0.11519722664668	0.092897966832193	0.10915393984822	0.11941347325026	0.11051250819826	0.10695212217746	0.10104937693245	0.1261126206315	0.12133420781411	0.12526937131078	0.12648739810737	0.10123676567038	0.1005809050876	0.11144945188794	0.11402604703457	0.098707017708236	0.12250538742622	0.10193947343765	0.015319029326338	0	0.01489740466598	0.012976670102127	0.098472781785815	0.011758643305537	0.016818139229832	0.11210531247072	0.095708797901246	0.12259908179518	0.12081888878478	0.12095943033824	0.12353602548487	0.092429494987351
ECU080_M_echinata	0.12648739810737	0.12920453480746	0.1222711515038	0.12419188606765	0.12625316218495	0.13023517286611	0.10100252974796	0.11472875480184	0.11992879227958	0.123161248009	0.1207720416003	0.11974140354165	0.09519347887192	0.11201161810175	0.11936662606577	0.11271432586902	0.11257378431556	0.1050313876136	0.1296730066523	0.12273962334864	0.12667478684531	0.12630000936944	0.10756113557575	0.10409444392392	0.11444767169493	0.11618101752085	0.10348543052563	0.12601892626253	0.10629626159468	0.02080014991099	0.01489740466598	0	0.01400730816078	0.10268902838939	0.01189918485899	0.020753302726506	0.11379181111215	0.10104937693245	0.1234423311159	0.12086573596927	0.12119366626066	0.12339548393142	0.092663730909772
ECU082_Muricea_sp	0.13506043286798	0.13951091539398	0.13257753209032	0.13379555888691	0.13342078141104	0.13955776257847	0.10624941441019	0.12540991286424	0.12868921577813	0.13159374121615	0.13032886723508	0.12864236859365	0.10521877635154	0.12152159655205	0.13112526937131	0.12124051344514	0.1207720416003	0.11149629907243	0.14011992879228	0.13370186451794	0.13716855616977	0.13838658296636	0.11280802023798	0.10952871732409	0.1234423311159	0.12470720509697	0.10887285674131	0.13627845966457	0.11229270120866	0.016162278647053	0.012976670102127	0.01400730816078	0	0.10793591305163	0.01723976389019	0.01578750117118	0.12311440082451	0.10582778974984	0.13445141946969	0.13215590742996	0.13253068490584	0.13435772510072	0.10231425091352
ECU083_M_echinata	0.13417033636278	0.13876136044224	0.13253068490584	0.13388925325588	0.13459196102314	0.13637215403354	0.021830787969643	0.12025672257097	0.12653424529186	0.12897029888504	0.12742434179706	0.12695586995222	0.10638995596365	0.11786751616228	0.13121896374028	0.12302070645554	0.12245854024173	0.019254192823011	0.13543521034386	0.12948561791436	0.13449826665417	0.13473250257659	0.020378525250632	0.022065023892064	0.12217745713483	0.073831162747119	0.026421812049096	0.13093788063337	0.026281270495643	0.088166401199288	0.098472781785815	0.10268902838939	0.10793591305163	0	0.10062775227209	0.10901339829476	0.1252225241263	0.025719104281833	0.13121896374028	0.13192167150754	0.13154689403167	0.13477934976108	0.10198632062213
ECU085_M_echinata	0.129063993254	0.13304600393516	0.1278928136419	0.12681532839876	0.12704956432118	0.13220275461445	0.099925044504825	0.11908554295887	0.12213060995034	0.12583153752459	0.12231799868828	0.12156844373653	0.097582685280615	0.11430713014148	0.12208376276586	0.11744589150192	0.11248008994659	0.10292326431182	0.13496673849902	0.12644055092289	0.13079733907992	0.13182797713857	0.10601517848777	0.10357912489459	0.11950716761923	0.11768012742434	0.10367281926356	0.13018832568163	0.10596833130329	0.021081233017896	0.011758643305537	0.01189918485899	0.01723976389019	0.10062775227209	0	0.021456010493769	0.11880445985196	0.10034666916518	0.13000093694369	0.12733064742809	0.12662793966083	0.13018832568163	0.094771854211562
ECU089_Muricea_sp	0.13388925325588	0.13824604141291	0.13351447578001	0.13332708704207	0.13220275461445	0.13702801461632	0.10493769324464	0.12288016490209	0.12615946781598	0.12943877072988	0.12587838470908	0.12676848121428	0.10390705518598	0.1172116555795	0.12873606296262	0.12105312470721	0.11655579499672	0.10999718916893	0.13988569286986	0.13374871170243	0.13712170898529	0.1385739717043	0.11182422936382	0.10990349479996	0.12362971985384	0.12250538742622	0.10962241169306	0.13735594490771	0.11140260470346	0.012367656703832	0.016818139229832	0.020753302726506	0.01578750117118	0.10901339829476	0.021456010493769	0	0.12348917830038	0.10685842780849	0.13646584840251	0.13445141946969	0.13253068490584	0.13515412723695	0.10217370936007
ECU109_M_robusta	0.071910428183266	0.07406539866954	0.069240138667666	0.07284737187295	0.070083387988382	0.070832942940129	0.11955401480371	0.087135763140635	0.091679940035604	0.091679940035604	0.088588025859646	0.090227677316593	0.068584278084887	0.081467253818045	0.06305631031575	0.055841843905181	0.084933945469877	0.12320809519348	0.042349854773728	0.042724632249602	0.043802117492739	0.042068771666823	0.12601892626253	0.11950716761923	0.056966176332802	0.092288953433899	0.12400449732971	0.044645366813454	0.12362971985384	0.092616883725288	0.11210531247072	0.11379181111215	0.12311440082451	0.1252225241263	0.11880445985196	0.12348917830038	0	0.12302070645554	0.04403635341516	0.041553452637496	0.043942659046191	0.042865173803054	0.070832942940129
ECU111_M_californica	0.13093788063337	0.13435772510072	0.12859552140916	0.12943877072988	0.13028202005059	0.13103157500234	0.025438021174927	0.11585308722946	0.12311440082451	0.12400449732971	0.12147474936756	0.12353602548487	0.10128361285487	0.11566569849152	0.12925138199194	0.11950716761923	0.11791436334676	0.024969549330085	0.13388925325588	0.12653424529186	0.13126581092476	0.13117211655579	0.025625409912864	0.025063243699054	0.11903869577438	0.073128454979856	0.017473999812611	0.12686217558325	0.017989318841938	0.085402417314719	0.095708797901246	0.10104937693245	0.10582778974984	0.025719104281833	0.10034666916518	0.10685842780849	0.12302070645554	0	0.12939192354539	0.13107842218683	0.12897029888504	0.13117211655579	0.10086198819451
ECU116_M_crassa	0.07973390799213	0.079078047409351	0.078000562166214	0.077672631874824	0.077344701583435	0.079078047409351	0.12517567694182	0.09697367188232	0.10184577906868	0.099925044504825	0.10100252974796	0.099362878291015	0.074112245854024	0.089665511102783	0.073550079640214	0.062775227208845	0.093881757706362	0.13168743558512	0.037056122927012	0.034947999625222	0.038555232830507	0.038414691277054	0.13299915675068	0.12915768762297	0.063384240607139	0.099175489553078	0.1287829101471	0.035791248945938	0.13023517286611	0.10081514101003	0.12259908179518	0.1234423311159	0.13445141946969	0.13121896374028	0.13000093694369	0.13646584840251	0.04403635341516	0.12939192354539	0	0.022392954183454	0.022065023892064	0.022065023892064	0.076501452262719
ECU117_M_crassa	0.078328492457603	0.078281645273119	0.076876229738593	0.077110465661014	0.075611355757519	0.075986133233393	0.12428558043662	0.094818701396046	0.099175489553078	0.098379087416846	0.098800712077204	0.09875386489272	0.074112245854024	0.090883537899372	0.071348261969456	0.062259908179518	0.093600674599457	0.13192167150754	0.037102970111496	0.036025484868359	0.039070551859833	0.039211093413286	0.13229644898342	0.12897029888504	0.063431087791624	0.098566476154783	0.13107842218683	0.037337206033917	0.13182797713857	0.09997189168931	0.12081888878478	0.12086573596927	0.13215590742996	0.13192167150754	0.12733064742809	0.13445141946969	0.041553452637496	0.13107842218683	0.022392954183454	0	0.023236203504169	0.022767731659327	0.073222149348824
ECU118_M_crassa	0.078000562166214	0.077110465661014	0.076454605078235	0.07495549517474	0.074861800805772	0.075423967019582	0.1252225241263	0.094490771104657	0.099737655766888	0.098332240232362	0.098425934601331	0.099550267028952	0.073550079640214	0.088962803335519	0.072050969736719	0.061182422936382	0.092663730909772	0.12971985383678	0.034432680595896	0.033402042537243	0.037993066616696	0.035557013023517	0.12957931228333	0.12494144101939	0.061650894781224	0.096177269746088	0.12630000936944	0.035041693994191	0.12864236859365	0.10095568256348	0.12095943033824	0.12119366626066	0.13253068490584	0.13154689403167	0.12662793966083	0.13253068490584	0.043942659046191	0.12897029888504	0.022065023892064	0.023236203504169	0	0.019863206221306	0.072706830319498
ECU119_M_crassa	0.076220369155814	0.076407757893751	0.075892438864424	0.077157312845498	0.075142883912677	0.075798744495456	0.12756488335051	0.095802492270215	0.099690808582404	0.098707017708236	0.10048721071864	0.098332240232362	0.075330272650614	0.088166401199288	0.070926637309098	0.062681532839876	0.09252318935632	0.13562259908179	0.037899372247728	0.034620069333833	0.038648927199475	0.037618289140823	0.13356132296449	0.12971985383678	0.062447296917455	0.10133046003935	0.13332708704207	0.035463318654549	0.13426403073175	0.10315750023424	0.12353602548487	0.12339548393142	0.13435772510072	0.13477934976108	0.13018832568163	0.13515412723695	0.042865173803054	0.13117211655579	0.022065023892064	0.022767731659327	0.019863206221306	0	0.074112245854024
ECU124_M_hebes	0.079078047409351	0.08151410100253	0.075798744495456	0.07706361847653	0.076923076923077	0.077016771292045	0.095708797901246	0.071348261969456	0.072659983135014	0.075049189543708	0.074580717698866	0.075986133233393	0.015506418064274	0.066569849152066	0.069052749929729	0.06394640682095	0.068631125269371	0.1002998219807	0.078047409350698	0.073596926824698	0.076501452262719	0.077344701583435	0.10357912489459	0.099034947999625	0.067413098472782	0.085496111683688	0.099690808582404	0.07495549517474	0.10170523751523	0.080061838283519	0.092429494987351	0.092663730909772	0.10231425091352	0.10198632062213	0.094771854211562	0.10217370936007	0.070832942940129	0.10086198819451	0.076501452262719	0.073222149348824	0.072706830319498	0.074112245854024	0
																																											
																																											
																																											
																																											
																																											
																																											
																																											
																																											
																																											
																																											
																																											
																																											
																																											
																																											
																																											
																																											
																																											
																																											
																																											
																																											
																																											
																																											
																																											
																																											
																																											
																																											
																																											
																																											
																																											
																																											
																																											
																																											
																																											
																																											
																																											
																																											
																																											
																																											
																																											
																																											
																																											
																																											
																																											
																																											
																																											
																																											
																																											
																																											
																																											
																																											
																																											
																																											
																																											
																																											
																																											
																																											
																																											
																																											
																																											
																																											
																																											
																																											
																																											
																																											
																																											
																																											
																																											
																																											
																																											
																																											
																																											
																																											
																																											
																																											
																																											
																																											
																																											
																																											
																																											
																																											
																																											
																																											
																																											
																																											
																																											
																																											
																																											
																																											
																																											
																																											
																																											
																																											
																																											
																																											
																																											
																																											
																																											
																																											
																																											
																																											
																																											
																																											
																																											
																																											
																																											
																																											
																																											
																																											
																																											
																																											
																																											
																																											
																																											
																																											
																																											
																																											
																																											
																																											
																																											
																																											
																																											
																																											
																																											
																																											
																																											
																																											
																																											
																																											
																																											
																																											
																																											
																																											
																																											
																																											
																																											
																																											
																																											
																																											
																																											
																																											
																																											
																																											
																																											
																																											
																																											
																																											
																																											
																																											
																																											
																																											
																																											
																																											
